function prop = skin( lambda )
    
%     c = nirs.getSpectra( lambda );
    
%     mua = 7.9e-6 * .985 * c(:,1) + ...
%         7.9e-6 * (1-.985) * c(:,2) + ...
%         0.214 * c(:,3) + ...
%         0.277 * c(:,4) + ...
%         0.0087 * c(:,5);
    
%     mua = 4.7e-6 * .39 * c(:,1) + ...
%         4.7e-6 * (1-.39) * c(:,2) + ...
%         0.65 * c(:,3) + ...
%         0 * c(:,4) + ...
%         0.0087 * c(:,5);

% mus = 4.6 * (lambda/500).^-1.421;

    mua = [6.17950E+02	3.82747E-02
        6.19050E+02	3.74991E-02
        6.20160E+02	3.73146E-02
        6.21270E+02	3.69519E-02
        6.22380E+02	3.69538E-02
        6.23490E+02	3.63866E-02
        6.24600E+02	3.60982E-02
        6.25710E+02	3.56900E-02
        6.26810E+02	3.53262E-02
        6.27920E+02	3.49719E-02
        6.29030E+02	3.44983E-02
        6.30140E+02	3.46253E-02
        6.31250E+02	3.41215E-02
        6.32360E+02	3.36680E-02
        6.33470E+02	3.34158E-02
        6.34570E+02	3.30555E-02
        6.35680E+02	3.26584E-02
        6.36790E+02	3.23476E-02
        6.37900E+02	3.20018E-02
        6.39010E+02	3.16900E-02
        6.40120E+02	3.14530E-02
        6.41230E+02	3.09834E-02
        6.42340E+02	3.07655E-02
        6.43440E+02	3.04192E-02
        6.44550E+02	3.01468E-02
        6.45660E+02	2.98381E-02
        6.46770E+02	2.95181E-02
        6.47880E+02	2.93311E-02
        6.48990E+02	2.88947E-02
        6.50100E+02	2.87608E-02
        6.51210E+02	2.82819E-02
        6.52320E+02	2.80112E-02
        6.53420E+02	2.78938E-02
        6.54530E+02	2.75605E-02
        6.55640E+02	2.72027E-02
        6.56750E+02	2.69820E-02
        6.57860E+02	2.67523E-02
        6.58970E+02	2.65179E-02
        6.60080E+02	2.62238E-02
        6.61190E+02	2.59718E-02
        6.62300E+02	2.57312E-02
        6.63410E+02	2.53853E-02
        6.64510E+02	2.51101E-02
        6.65620E+02	2.50483E-02
        6.66730E+02	2.47866E-02
        6.67840E+02	2.44447E-02
        6.68950E+02	2.42818E-02
        6.70060E+02	2.40140E-02
        6.71170E+02	2.38731E-02
        6.72280E+02	2.37247E-02
        6.73390E+02	2.35325E-02
        6.74500E+02	2.32080E-02
        6.75610E+02	2.31533E-02
        6.76710E+02	2.27829E-02
        6.77820E+02	2.26953E-02
        6.78930E+02	2.23362E-02
        6.80040E+02	2.23844E-02
        6.81150E+02	2.20832E-02
        6.82260E+02	2.18870E-02
        6.83370E+02	2.17133E-02
        6.84480E+02	2.15800E-02
        6.85590E+02	2.13001E-02
        6.86700E+02	2.12199E-02
        6.87810E+02	2.10340E-02
        6.88920E+02	2.07785E-02
        6.90030E+02	2.06013E-02
        6.91140E+02	2.05090E-02
        6.92250E+02	2.03596E-02
        6.93350E+02	2.01539E-02
        6.94460E+02	1.99855E-02
        6.95570E+02	1.98683E-02
        6.96680E+02	1.96162E-02
        6.97790E+02	1.95442E-02
        6.98900E+02	1.93897E-02
        7.00010E+02	1.91349E-02
        7.01120E+02	1.90188E-02
        7.02230E+02	1.90394E-02
        7.03340E+02	1.89175E-02
        7.04450E+02	1.88247E-02
        7.05560E+02	1.86971E-02
        7.06670E+02	1.85286E-02
        7.07780E+02	1.85037E-02
        7.08890E+02	1.83153E-02
        7.10000E+02	1.82561E-02
        7.11110E+02	1.81691E-02
        7.12220E+02	1.80792E-02
        7.13330E+02	1.80318E-02
        7.14440E+02	1.78331E-02
        7.15550E+02	1.78248E-02
        7.16660E+02	1.77868E-02
        7.17770E+02	1.75696E-02
        7.18880E+02	1.75443E-02
        7.19990E+02	1.74974E-02
        7.21100E+02	1.74396E-02
        7.22210E+02	1.73010E-02
        7.23320E+02	1.72743E-02
        7.24420E+02	1.71888E-02
        7.25530E+02	1.72162E-02
        7.26640E+02	1.71937E-02
        7.27750E+02	1.71186E-02
        7.28860E+02	1.70307E-02
        7.29970E+02	1.69822E-02
        7.31080E+02	1.68776E-02
        7.32190E+02	1.69872E-02
        7.33300E+02	1.68806E-02
        7.34410E+02	1.69381E-02
        7.35520E+02	1.68652E-02
        7.36630E+02	1.68406E-02
        7.37740E+02	1.68911E-02
        7.38850E+02	1.69365E-02
        7.39960E+02	1.67582E-02
        7.41070E+02	1.67351E-02
        7.42180E+02	1.67333E-02
        7.43290E+02	1.67263E-02
        7.44400E+02	1.66275E-02
        7.45510E+02	1.66530E-02
        7.46620E+02	1.66160E-02
        7.47730E+02	1.65860E-02
        7.48840E+02	1.64659E-02
        7.49950E+02	1.64808E-02
        7.51070E+02	1.64060E-02
        7.52180E+02	1.63952E-02
        7.53290E+02	1.63258E-02
        7.54400E+02	1.63181E-02
        7.55510E+02	1.62166E-02
        7.56620E+02	1.62190E-02
        7.57730E+02	1.60806E-02
        7.58840E+02	1.60292E-02
        7.59950E+02	1.59293E-02
        7.61060E+02	1.58848E-02
        7.62170E+02	1.57700E-02
        7.63280E+02	1.56958E-02
        7.64390E+02	1.55917E-02
        7.65500E+02	1.55220E-02
        7.66610E+02	1.53503E-02
        7.67720E+02	1.52702E-02
        7.68830E+02	1.52134E-02
        7.69940E+02	1.50587E-02
        7.71050E+02	1.50349E-02
        7.72160E+02	1.48765E-02
        7.73270E+02	1.48086E-02
        7.74380E+02	1.47012E-02
        7.75490E+02	1.45514E-02
        7.76600E+02	1.45386E-02
        7.77710E+02	1.43992E-02
        7.78820E+02	1.43262E-02
        7.79930E+02	1.41794E-02
        7.81040E+02	1.40214E-02
        7.82160E+02	1.39683E-02
        7.83270E+02	1.37990E-02
        7.84380E+02	1.37756E-02
        7.85490E+02	1.36181E-02
        7.86600E+02	1.36817E-02
        7.87710E+02	1.35545E-02
        7.88820E+02	1.34658E-02
        7.89930E+02	1.33316E-02
        7.91040E+02	1.32758E-02
        7.92150E+02	1.32115E-02
        7.93260E+02	1.31656E-02
        7.94370E+02	1.30798E-02
        7.95480E+02	1.30530E-02
        7.96590E+02	1.29150E-02
        7.97700E+02	1.28162E-02
        7.98810E+02	1.29098E-02
        7.99930E+02	1.27221E-02
        8.01040E+02	1.27290E-02
        8.02150E+02	1.26700E-02
        8.03260E+02	1.25720E-02
        8.04370E+02	1.25047E-02
        8.05480E+02	1.24168E-02
        8.06590E+02	1.24777E-02
        8.07700E+02	1.24211E-02
        8.08810E+02	1.23446E-02
        8.09920E+02	1.22852E-02
        8.11030E+02	1.21507E-02
        8.12140E+02	1.22403E-02
        8.13260E+02	1.21411E-02
        8.14370E+02	1.21483E-02
        8.15480E+02	1.21593E-02
        8.16590E+02	1.20859E-02
        8.17700E+02	1.20854E-02
        8.18810E+02	1.21277E-02
        8.19920E+02	1.21170E-02
        8.21030E+02	1.20609E-02
        8.22140E+02	1.21458E-02
        8.23250E+02	1.21050E-02
        8.24360E+02	1.20609E-02
        8.25480E+02	1.25184E-02
        8.26590E+02	1.20945E-02
        8.27700E+02	1.21045E-02
        8.28810E+02	1.21404E-02
        8.29920E+02	1.21845E-02
        8.31030E+02	1.22061E-02
        8.32140E+02	1.22504E-02
        8.33250E+02	1.21336E-02
        8.34360E+02	1.20951E-02
        8.35480E+02	1.22199E-02
        8.36590E+02	1.22643E-02
        8.37700E+02	1.22437E-02
        8.38810E+02	1.22136E-02
        8.39920E+02	1.23578E-02
        8.41030E+02	1.23132E-02
        8.42140E+02	1.21520E-02
        8.43250E+02	1.22691E-02
        8.44370E+02	1.21837E-02
        8.45480E+02	1.22306E-02
        8.46590E+02	1.21595E-02
        8.47700E+02	1.23331E-02
        8.48810E+02	1.21937E-02
        8.49920E+02	1.22336E-02
        8.51030E+02	1.22226E-02
        8.52140E+02	1.22010E-02
        8.53260E+02	1.21012E-02
        8.54370E+02	1.21581E-02
        8.55480E+02	1.21080E-02
        8.56590E+02	1.20693E-02
        8.57700E+02	1.21691E-02
        8.58810E+02	1.20276E-02
        8.59920E+02	1.20198E-02
        8.61040E+02	1.21284E-02
        8.62150E+02	1.21390E-02
        8.63260E+02	1.21023E-02
        8.64370E+02	1.21121E-02
        8.65480E+02	1.21397E-02
        8.66590E+02	1.20927E-02
        8.67700E+02	1.20350E-02
        8.68820E+02	1.20392E-02
        8.69930E+02	1.21789E-02
        8.71040E+02	1.22400E-02
        8.72150E+02	1.21844E-02
        8.73260E+02	1.23456E-02
        8.74370E+02	1.22437E-02
        8.75480E+02	1.22291E-02
        8.76600E+02	1.22859E-02
        8.77710E+02	1.23115E-02
