function set_defaultresponse(this)
%SET_DEFAULTRESPONSE Set default response

%   Copyright 2010 The MathWorks, Inc.

F1 = [-1.0000000e+000 -9.9694190e-001 -9.9388379e-001 -9.9082569e-001 -9.8776758e-001 -9.8470948e-001 -9.8165138e-001 -9.7859327e-001 -9.7553517e-001 -9.7247706e-001 -9.6941896e-001 -9.6636086e-001 -9.6330275e-001 -9.6024465e-001 -9.5718654e-001 -9.5412844e-001 -9.5107034e-001 -9.4801223e-001 -9.4495413e-001 -9.4189602e-001 -9.3883792e-001 -9.3577982e-001 -9.3272171e-001 -9.2966361e-001 -9.2660550e-001 -9.2354740e-001 -9.2048930e-001 -9.1743119e-001 -9.1437309e-001 -9.1131498e-001 -9.0825688e-001 -9.0519878e-001 -9.0214067e-001 -8.9908257e-001 -8.9602446e-001 -8.9296636e-001 -8.8990826e-001 -8.8685015e-001 -8.8379205e-001 -8.8073394e-001 -8.7767584e-001 -8.7461774e-001 -8.7155963e-001 -8.6850153e-001 -8.6544343e-001 -8.6238532e-001 -8.5932722e-001 -8.5626911e-001 -8.5321101e-001 -8.5015291e-001 -8.4709480e-001 -8.4403670e-001 -8.4097859e-001 -8.3792049e-001 -8.3486239e-001 -8.3180428e-001 -8.2874618e-001 -8.2568807e-001 -8.2262997e-001 -8.1957187e-001 -8.1651376e-001 -8.1345566e-001 -8.1039755e-001 -8.0733945e-001 -8.0428135e-001 -8.0122324e-001 -7.9816514e-001 -7.9510703e-001 -7.9204893e-001 -7.8899083e-001 -7.8593272e-001 -7.8287462e-001 -7.7981651e-001 -7.7675841e-001 -7.7370031e-001 -7.7064220e-001 -7.6758410e-001 -7.6452599e-001 -7.6146789e-001 -7.5840979e-001 -7.5535168e-001 -7.5229358e-001 -7.4923547e-001 -7.4617737e-001 -7.4311927e-001 -7.4006116e-001 -7.3700306e-001 -7.3394495e-001 -7.3088685e-001 -7.2782875e-001 -7.2477064e-001 -7.2171254e-001 -7.1865443e-001 -7.1559633e-001 -7.1253823e-001 -7.0948012e-001 -7.0642202e-001 -7.0336391e-001 -7.0030581e-001 -6.9724771e-001 -6.9418960e-001 -6.9113150e-001 -6.8807339e-001 -6.8501529e-001 -6.8195719e-001 -6.7889908e-001 -6.7584098e-001 -6.7278287e-001 -6.6972477e-001 -6.6666667e-001 -6.6360856e-001 -6.6055046e-001 -6.5749235e-001 -6.5443425e-001 -6.5137615e-001 -6.4831804e-001 -6.4525994e-001 -6.4220183e-001 -6.3914373e-001 -6.3608563e-001 -6.3302752e-001 -6.2996942e-001 -6.2691131e-001 -6.2385321e-001 -6.2079511e-001 -6.1773700e-001 -6.1467890e-001 -6.1162080e-001 -6.0856269e-001 -6.0550459e-001 -6.0244648e-001 -5.9938838e-001 -5.9633028e-001 -5.9327217e-001 -5.9021407e-001 -5.8715596e-001 -5.8409786e-001 -5.8103976e-001 -5.7798165e-001 -5.7492355e-001 -5.7186544e-001 -5.6880734e-001 -5.6574924e-001 -5.6269113e-001 -5.5963303e-001 -5.5657492e-001 -5.5351682e-001 -5.5045872e-001 -5.4740061e-001 -5.4434251e-001 -5.4128440e-001 -5.3822630e-001 -5.3516820e-001 -5.3211009e-001 -5.2905199e-001 -5.2599388e-001 -5.2293578e-001 -5.1987768e-001 -5.1681957e-001 -5.1376147e-001 -5.1070336e-001 -5.0764526e-001 -5.0458716e-001 -5.0152905e-001 -4.9847095e-001 -4.9541284e-001 -4.9235474e-001 -4.8929664e-001 -4.8623853e-001 -4.8318043e-001 -4.8012232e-001 -4.7706422e-001 -4.7400612e-001 -4.7094801e-001 -4.6788991e-001 -4.6483180e-001 -4.6177370e-001 -4.5871560e-001 -4.5565749e-001 -4.5259939e-001 -4.4954128e-001 -4.4648318e-001 -4.4342508e-001 -4.4036697e-001 -4.3730887e-001 -4.3425076e-001 -4.3119266e-001 -4.2813456e-001 -4.2507645e-001 -4.2201835e-001 -4.1896024e-001 -4.1590214e-001 -4.1284404e-001 -4.0978593e-001 -4.0672783e-001 -4.0366972e-001 -4.0061162e-001 -3.9755352e-001 -3.9449541e-001 -3.9143731e-001 -3.8837920e-001 -3.8532110e-001 -3.8226300e-001 -3.7920489e-001 -3.7614679e-001 -3.7308869e-001 -3.7003058e-001 -3.6697248e-001 -3.6391437e-001 -3.6085627e-001 -3.5779817e-001 -3.5474006e-001 -3.5168196e-001 -3.4862385e-001 -3.4556575e-001 -3.4250765e-001 -3.3944954e-001 -3.3639144e-001 -3.3333333e-001 -3.3027523e-001 -3.2721713e-001 -3.2415902e-001 -3.2110092e-001 -3.1804281e-001 -3.1498471e-001 -3.1192661e-001 -3.0886850e-001 -3.0581040e-001 -3.0275229e-001 -2.9969419e-001 -2.9663609e-001 -2.9357798e-001 -2.9051988e-001 -2.8746177e-001 -2.8440367e-001 -2.8134557e-001 -2.7828746e-001 -2.7522936e-001 -2.7217125e-001 -2.6911315e-001 -2.6605505e-001 -2.6299694e-001 -2.5993884e-001 -2.5688073e-001 -2.5382263e-001 -2.5076453e-001 -2.4770642e-001 -2.4464832e-001 -2.4159021e-001 -2.3853211e-001 -2.3547401e-001 -2.3241590e-001 -2.2935780e-001 -2.2629969e-001 -2.2324159e-001 -2.2018349e-001 -2.1712538e-001 -2.1406728e-001 -2.1100917e-001 -2.0795107e-001 -2.0489297e-001 -2.0183486e-001 -1.9877676e-001 -1.9571865e-001 -1.9266055e-001 -1.8960245e-001 -1.8654434e-001 -1.8348624e-001 -1.8042813e-001 -1.7737003e-001 -1.7431193e-001 -1.7125382e-001 -1.6819572e-001 -1.6513761e-001 -1.6207951e-001 -1.5902141e-001 -1.5596330e-001 -1.5290520e-001 -1.4984709e-001 -1.4678899e-001 -1.4373089e-001 -1.4067278e-001 -1.3761468e-001 -1.3455657e-001 -1.3149847e-001 -1.2844037e-001 -1.2538226e-001 -1.2232416e-001 -1.1926606e-001 -1.1620795e-001 -1.1314985e-001 -1.1009174e-001 -1.0703364e-001 -1.0397554e-001 -1.0091743e-001 -9.7859327e-002 -9.4801223e-002 -9.1743119e-002 -8.8685015e-002 -8.5626911e-002 -8.2568807e-002 -7.9510703e-002 -7.6452599e-002 -7.3394495e-002 -7.0336391e-002 -6.7278287e-002 -6.4220183e-002 -6.1162080e-002 -5.8103976e-002 -5.5045872e-002 -5.1987768e-002 -4.8929664e-002 -4.5871560e-002 -4.2813456e-002 -3.9755352e-002 -3.6697248e-002 -3.3639144e-002 -3.0581040e-002 -2.7522936e-002 -2.4464832e-002 -2.1406728e-002 -1.8348624e-002 -1.5290520e-002 -1.2232416e-002 -9.1743119e-003 -6.1162080e-003 -3.0581040e-003  0.0000000e+000  3.0581040e-003  6.1162080e-003  9.1743119e-003  1.2232416e-002  1.5290520e-002  1.8348624e-002  2.1406728e-002  2.4464832e-002  2.7522936e-002  3.0581040e-002  3.3639144e-002  3.6697248e-002  3.9755352e-002  4.2813456e-002  4.5871560e-002  4.8929664e-002  5.1987768e-002  5.5045872e-002  5.8103976e-002  6.1162080e-002  6.4220183e-002  6.7278287e-002  7.0336391e-002  7.3394495e-002  7.6452599e-002  7.9510703e-002  8.2568807e-002  8.5626911e-002  8.8685015e-002  9.1743119e-002  9.4801223e-002  9.7859327e-002  1.0091743e-001  1.0397554e-001  1.0703364e-001  1.1009174e-001  1.1314985e-001  1.1620795e-001  1.1926606e-001  1.2232416e-001  1.2538226e-001  1.2844037e-001  1.3149847e-001  1.3455657e-001  1.3761468e-001  1.4067278e-001  1.4373089e-001  1.4678899e-001  1.4984709e-001  1.5290520e-001  1.5596330e-001  1.5902141e-001  1.6207951e-001  1.6513761e-001  1.6819572e-001  1.7125382e-001  1.7431193e-001  1.7737003e-001  1.8042813e-001  1.8348624e-001  1.8654434e-001  1.8960245e-001  1.9266055e-001  1.9571865e-001  1.9877676e-001  2.0183486e-001  2.0489297e-001  2.0795107e-001  2.1100917e-001  2.1406728e-001  2.1712538e-001  2.2018349e-001  2.2324159e-001  2.2629969e-001  2.2935780e-001  2.3241590e-001  2.3547401e-001  2.3853211e-001  2.4159021e-001  2.4464832e-001  2.4770642e-001  2.5076453e-001  2.5382263e-001  2.5688073e-001  2.5993884e-001  2.6299694e-001  2.6605505e-001  2.6911315e-001  2.7217125e-001  2.7522936e-001  2.7828746e-001  2.8134557e-001  2.8440367e-001  2.8746177e-001  2.9051988e-001  2.9357798e-001  2.9663609e-001  2.9969419e-001  3.0275229e-001  3.0581040e-001  3.0886850e-001  3.1192661e-001  3.1498471e-001  3.1804281e-001  3.2110092e-001  3.2415902e-001  3.2721713e-001  3.3027523e-001  3.3333333e-001  3.3639144e-001  3.3944954e-001  3.4250765e-001  3.4556575e-001  3.4862385e-001  3.5168196e-001  3.5474006e-001  3.5779817e-001  3.6085627e-001  3.6391437e-001  3.6697248e-001  3.7003058e-001  3.7308869e-001  3.7614679e-001  3.7920489e-001  3.8226300e-001  3.8532110e-001  3.8837920e-001  3.9143731e-001  3.9449541e-001  3.9755352e-001  4.0061162e-001  4.0366972e-001  4.0672783e-001  4.0978593e-001  4.1284404e-001  4.1590214e-001  4.1896024e-001  4.2201835e-001  4.2507645e-001  4.2813456e-001  4.3119266e-001  4.3425076e-001  4.3730887e-001  4.4036697e-001  4.4342508e-001  4.4648318e-001  4.4954128e-001  4.5259939e-001  4.5565749e-001  4.5871560e-001  4.6177370e-001  4.6483180e-001  4.6788991e-001  4.7094801e-001  4.7400612e-001  4.7706422e-001  4.8012232e-001  4.8318043e-001  4.8623853e-001  4.8929664e-001  4.9235474e-001  4.9541284e-001  4.9847095e-001  5.0152905e-001  